2644623438
27950389
30870173
1492827692
1416890670
22823323
503853911
22821014
28996499
416531746
22774556
1335373478
1305365141
2127806975
1824721966
2054974200
1919802219
417953304
40915596
1913836762
1456654058
1501478677
1954943022
2163983146
2644193550
1867931740
1966112472
2101409535
2608506460
529659114
1818537088
1966113458
1959668202
22677533
566443280
825718
22677548
31140693
33937485
1864338278
459717345
2132233401
1316563139
825564
1347497532
514761070
29091332
1920258332
1915297636
1920592565
2053992776
1874071402
2022368495
33367335
1955665030
1977103424
1885752784
494858481
26124988
28996501
33937481
1810294226
1294899572
459717342
1453108359
1402830753
1466019525
26142121
1335794789
424985022
1391247218
546724682
27950384
1462369728
1300595324
27950385
41654311
1479972357
1300594284
22699127
1456654556
1398679782
29356315
22716854
1294899574
34509838
22677423
412902260
40915595
33916361
4888353
27950383
432486474
502455382
1385117201
461864790
1300452331
4885036
502238425
412902325
825576
416531739
22699098
22677573
503020031
858520
1300423337
1366515793
1366516670
406716113
406716116
406716112
1294889608
1294910587
1363687284
27853410
862100022
32192205
28364371
28387072
407699425
28844002
1294899573
22709632
26115904
461080610
502455387
514774040
492834361
1294899575
505028288
401382372
432486470
33937479
461124365
494858483
502455381
22699092
1294924560
406716121
514543098
494858478
502455396
502455395
406716111
29785926
26219539
